----- Eleccion de Threads y Blocks -----
Threads: 16
Blocks: 1
----------------------------------------

Matriz 1:
532.28	968.25	95.10	38.10	
271.12	925.68	843.31	892.49	
678.59	990.84	40.01	89.18	
743.74	529.84	52.87	285.88	

Matriz 2:
281.19	67.29	431.84	349.48	
398.65	447.82	497.00	283.10	
332.27	381.45	877.54	795.17	
449.73	104.29	890.39	939.57	

Matriz resultante CPU:
584397.88	509669.28	828454.69	571545.06	
1126844.62	847541.25	2111838.50	1865934.00	
639210.12	513943.12	900002.44	633260.75	
566490.50	337302.41	885447.81	720559.75	

Resultado:
584397.88	509669.31	828454.62	571545.06	
1126844.75	847541.25	2111838.50	1865934.00	
639210.19	513943.12	900002.38	633260.75	
566490.56	337302.41	885447.81	720559.81	

TIEMPO DE EJECUCION: 0.012512

Todos los resultados coinciden
